20
1
19
0 102 312 481 229 708 624 394 450 837 585 742 666 248 312 742 687 359 569 416 392
102 0 292 399 188 606 577 321 372 763 505 662 586 146 227 654 600 267 479 315 332
312 292 0 525 283 886 349 85 196 862 600 759 683 346 532 1095 1041 713 464 451 280
481 399 525 0 406 825 177 477 600 555 293 450 374 500 788 100 55 409 200 65 342
229 188 283 406 0 511 348 159 178 677 415 572 496 92 404 751 696 371 164 140 206
708 606 886 825 511 0 712 840 752 281 219 76 152 798 542 376 294 97 612 708 627
624 577 349 177 348 712 0 358 481 759 497 654 578 241 427 990 936 608 359 346 175
394 321 85 477 159 840 358 0 115 780 518 675 599 262 448 1011 957 629 380 367 196
450 372 196 600 178 752 481 115 0 665 403 560 484 147 333 896 842 514 265 252 81
837 763 862 555 677 281 759 780 665 0 262 119 43 689 433 267 185 490 1005 837 854
585 505 600 293 415 219 497 518 403 262 0 157 81 627 371 205 123 428 943 775 792
742 662 759 450 572 76 654 675 560 119 157 0 76 622 366 200 118 423 938 770 787
666 586 683 374 496 152 578 599 484 43 81 76 0 546 290 124 42 347 862 694 711
248 146 346 500 92 798 241 262 147 689 627 622 546 0 286 749 694 369 162 138 204
312 227 532 788 404 542 427 448 333 433 371 366 290 286 0 563 508 183 422 258 275
742 654 1095 100 751 376 990 1011 896 267 205 200 124 749 563 0 55 409 200 65 342
687 600 1041 55 696 294 936 957 842 185 123 118 42 694 508 55 0 355 46 111 388
359 267 713 409 371 97 608 629 514 490 428 423 347 369 183 409 355 0 289 125 202
569 479 464 200 164 612 359 380 265 1005 943 938 862 162 422 200 46 289 0 165 442
416 315 451 65 140 708 346 367 252 837 775 770 694 138 258 65 111 125 165 0 277
392 332 280 342 206 627 175 196 81 854 792 787 711 204 275 342 388 202 442 277 0
