36
1
35
0 837 774 322 235 249 361 688 573 905 479 542 143 395 920 705 450 263 606 423 763 227 746 517 847 428 783 929 438 642 453 620 942 622 594 128
837 0 512 958 510 216 849 918 588 300 901 693 574 880 902 306 775 835 360 229 140 756 903 314 775 288 650 432 704 970 954 125 606 581 285 120
774 512 0 430 887 678 868 715 226 359 558 632 226 303 845 918 119 139 224 303 210 547 958 366 635 652 242 461 948 444 602 600 381 310 878 905
322 958 430 0 477 571 763 371 437 778 462 579 952 919 610 432 385 184 442 499 612 983 409 869 635 749 867 987 845 764 602 315 336 551 462 137
235 510 887 477 0 568 125 641 618 866 421 738 381 291 240 446 920 988 854 620 369 689 570 389 240 325 412 470 369 686 400 569 845 230 499 677
249 216 678 571 568 0 881 265 978 747 390 940 616 123 637 971 744 380 722 840 366 369 324 494 774 490 462 648 422 230 417 316 350 873 413 683
361 849 868 763 125 881 0 636 643 456 128 160 450 119 488 871 930 614 769 577 635 240 433 394 764 870 953 689 427 979 143 362 422 508 547 152
688 918 715 371 641 265 636 0 783 129 450 398 237 330 524 256 1000 181 871 340 873 328 481 420 960 914 184 578 750 380 660 552 835 229 689 540
573 588 226 437 618 978 643 783 0 662 965 994 187 321 230 783 759 477 759 860 214 618 672 148 428 525 615 811 485 588 789 321 346 249 575 572
905 300 359 778 866 747 456 129 662 0 665 352 985 612 217 257 272 750 470 850 890 314 890 511 740 207 782 882 890 685 412 834 540 920 286 961
479 901 558 462 421 390 128 450 965 665 0 547 167 485 830 410 313 120 719 525 320 121 565 894 154 450 900 120 598 953 111 572 532 991 427 480
542 693 632 579 738 940 160 398 994 352 547 0 776 856 578 601 861 417 823 694 147 429 178 407 828 541 740 985 106 456 688 840 755 446 232 991
143 574 226 952 381 616 450 237 187 985 167 776 0 351 341 467 214 837 385 822 473 697 932 437 654 861 204 289 729 325 201 946 210 321 831 274
395 880 303 919 291 123 119 330 321 612 485 856 351 0 139 860 900 123 682 491 750 532 743 538 148 687 953 865 446 696 942 230 560 248 950 643
920 902 845 610 240 637 488 524 230 217 830 578 341 139 0 300 598 450 758 207 801 948 134 134 322 743 551 828 747 127 231 540 949 579 946 109
705 306 918 432 446 971 871 256 783 257 410 601 467 860 300 0 226 614 875 524 116 520 185 693 221 798 542 372 891 420 801 312 340 510 439 184
450 775 119 385 920 744 930 1000 759 272 313 861 214 900 598 226 0 818 191 222 878 840 470 877 615 779 686 736 280 601 907 965 856 305 702 109
263 835 139 184 988 380 614 181 477 750 120 417 837 123 450 614 818 0 555 108 946 764 104 332 317 429 840 880 829 780 605 532 157 365 342 889
606 360 224 442 854 722 769 871 759 470 719 823 385 682 758 875 191 555 0 333 143 126 894 275 926 661 796 367 481 965 808 760 173 481 141 334
423 229 303 499 620 840 577 340 860 850 525 694 822 491 207 524 222 108 333 0 820 183 934 784 901 515 577 719 321 645 510 404 407 517 243 642
763 140 210 612 369 366 635 873 890 890 320 147 473 750 801 116 878 946 143 820 0 486 981 505 961 690 356 781 218 671 200 240 445 810 891 332
227 756 547 983 689 369 240 328 314 314 121 429 697 532 948 520 840 764 126 183 486 0 176 180 204 574 331 141 992 793 480 351 410 483 689 257
746 903 958 409 570 689 433 481 890 890 565 178 932 743 134 185 470 104 894 934 981 176 0 195 439 453 327 632 616 646 116 361 522 258 958 386
517 314 366 869 389 774 394 420 511 511 894 407 437 538 134 693 877 332 275 784 505 180 195 0 658 810 439 742 307 156 405 406 200 725 464 824
847 775 635 635 240 490 764 960 740 740 154 828 654 148 322 221 615 317 926 901 961 204 439 658 0 595 406 441 352 740 845 418 211 835 125 111
428 288 652 749 325 774 870 914 207 207 450 541 861 687 743 798 779 429 661 515 690 574 453 810 595 0 624 929 902 497 222 361 341 356 233 946
783 650 242 867 412 490 953 184 782 782 900 740 204 953 551 542 686 840 796 577 356 331 327 439 406 624 0 473 243 776 214 559 536 257 133 974
929 432 461 987 470 462 689 578 882 207 120 985 289 865 828 372 736 880 367 719 781 141 632 742 441 929 473 0 568 474 697 181 536 594 974 855
438 704 948 845 369 648 427 750 890 782 598 106 729 446 747 891 280 829 481 321 218 992 616 307 352 902 243 568 0 917 671 898 301 970 692 970
642 970 444 764 686 422 979 380 685 882 953 456 325 696 127 420 601 780 965 645 671 793 646 156 740 497 776 474 917 0 879 333 927 744 735 762
453 954 602 602 400 230 143 660 588 890 111 688 201 942 231 801 907 605 808 510 200 480 116 405 845 222 214 697 671 879 0 334 692 328 797 171
620 581 600 315 569 417 362 552 789 540 572 840 946 230 540 312 965 532 760 404 240 351 361 406 418 361 559 181 898 333 334 0 1000 318 409 375
942 285 381 336 845 316 422 835 321 920 991 755 109 560 949 340 856 157 173 407 445 410 522 483 211 356 974 536 301 927 692 692 1000 318 727 409
622 120 310 551 230 350 508 229 346 286 427 446 321 248 579 510 305 365 481 517 810 483 258 689 835 233 855 594 970 744 328 328 318 0 543 489
594 606 878 462 499 873 547 689 249 961 480 232 831 950 946 439 702 342 141 243 125 689 958 257 125 946 133 974 692 692 797 409 727 543 0 903
128 581 905 137 677 413 152 540 575 286 991 991 274 643 109 184 109 889 334 642 991 257 386 133 111 692 974 970 970 970 171 375 409 489 903 0
